matrix A: (input one)
1       -20     30      -4
2       -40     -6      50
9       -180    11      -12
-16     15      -140    13

matrix U:
1       -20     30      -4
2       -40     -6      50
9       -180    11      -12
-16     15      -140    13

matrix L:
0       0       0       0
0       0       0       0
0       0       0       0
0       0       0       0

vector b:
35      104     -366    -354
1       -20     30      -4
2       -40     -6      50
9       -180    11      -12
-16     15      -140    13

0       0       0       0
0       0       0       0
0       0       0       0
0       0       0       0

1       -20     30      -4
0       0       -66     58
0       0       -259    24
0       -305    340     -51

1       0       0       0
2       0       0       0
9       0       0       0
-16     0       0       0

max: -305
1       -20     30      -4
0       -305    340     -51
0       0       -259    24
0       0       -66     58

1       0       0       0
-16     1       0       0
9       -0      0       0
2       -0      0       0

1       -20     30      -4
0       -305    340     -51
0       0       -259    24
0       0       -2.498e-015     51.8842

1       0       0       0
-16     1       0       0
9       -0      1       0
2       -0      0.254826        0

vector y:
35      206     -681    207.537
vector x:
1       2       3       4