-1.000000e+000 -1.248624e+000 -1.248614e+000 -6.462041e+000 -6.159382e+000 -9.063047e+000 
-1.301030e+000 -1.549652e+000 -1.549646e+000 -7.061255e+000 -6.759818e+000 -1.026511e+001 
-1.602060e+000 -1.850680e+000 -1.850678e+000 -7.662603e+000 -7.361471e+000 -1.146872e+001 
-1.903090e+000 -2.151710e+000 -2.151708e+000 -8.264485e+000 -7.963430e+000 -1.267269e+001 
-2.204120e+000 -2.452739e+000 -2.452739e+000 -8.866500e+000 -8.565464e+000 -1.387643e+001 
-2.505150e+000 -2.753769e+000 -2.753769e+000 -9.468549e+000 -9.167518e+000 -1.507538e+001 
-2.806180e+000 -3.054799e+000 -3.054799e+000 -1.007061e+001 -9.769576e+000 -1.619440e+001 
-3.107210e+000 -3.355829e+000 -3.355829e+000 -1.067267e+001 -1.037164e+001 -1.686108e+001 
-3.408240e+000 -3.656859e+000 -3.656859e+000 -1.127472e+001 -1.097370e+001 -1.708693e+001 
-3.709270e+000 -3.957889e+000 -3.957889e+000 -1.187675e+001 -1.157576e+001 -1.647282e+001 
-4.010300e+000 -4.258919e+000 -4.258919e+000 -1.247883e+001 -1.217789e+001 -1.593266e+001 
-4.311330e+000 -4.559949e+000 -4.559949e+000 -1.308239e+001 -1.277993e+001 -1.680053e+001 
-4.612360e+000 -4.860979e+000 -4.860979e+000 -1.367977e+001 -1.337907e+001 -1.554650e+001 
-4.913390e+000 -5.162009e+000 -5.162009e+000 -1.418490e+001 -1.398940e+001 -1.585699e+001 
