1.000000e-001 8.776723e-001 8.063451e-001 8.430469e-001 8.420087e-001 8.427009e-001 
5.000000e-002 8.603596e-001 8.246960e-001 8.427873e-001 8.425278e-001 8.427008e-001 
2.500000e-002 8.515734e-001 8.337417e-001 8.427224e-001 8.426576e-001 8.427008e-001 
1.250000e-002 8.471479e-001 8.382320e-001 8.427062e-001 8.426900e-001 8.427008e-001 
6.250000e-003 8.449271e-001 8.404691e-001 8.427021e-001 8.426981e-001 8.427008e-001 
3.125000e-003 8.438146e-001 8.415856e-001 8.427011e-001 8.427001e-001 8.427008e-001 
1.562500e-003 8.432579e-001 8.421434e-001 8.427009e-001 8.427006e-001 8.427008e-001 
7.812500e-004 8.429794e-001 8.424221e-001 8.427008e-001 8.427008e-001 8.427008e-001 
3.906250e-004 8.428401e-001 8.425615e-001 8.427008e-001 8.427008e-001 8.427008e-001 
1.953125e-004 8.427704e-001 8.426311e-001 8.427008e-001 8.427008e-001 8.427008e-001 
9.765625e-005 8.427356e-001 8.426660e-001 8.427008e-001 8.427008e-001 8.427008e-001 
4.882813e-005 8.427182e-001 8.426834e-001 8.427008e-001 8.427008e-001 8.427008e-001 
2.441406e-005 8.427095e-001 8.426921e-001 8.427008e-001 8.427008e-001 8.427008e-001 
1.220703e-005 8.427051e-001 8.426964e-001 8.427008e-001 8.427008e-001 8.427008e-001 
1.000000e-001 1.050639e+000 9.398679e-001 9.953566e-001 9.952535e-001 9.953222e-001 
5.000000e-002 1.022998e+000 9.676122e-001 9.953309e-001 9.953050e-001 9.953223e-001 
2.500000e-002 1.009164e+000 9.814716e-001 9.953244e-001 9.953180e-001 9.953223e-001 
1.250000e-002 1.002244e+000 9.883980e-001 9.953228e-001 9.953212e-001 9.953223e-001 
6.250000e-003 9.987836e-001 9.918604e-001 9.953224e-001 9.953220e-001 9.953223e-001 
3.125000e-003 9.970530e-001 9.935914e-001 9.953223e-001 9.953222e-001 9.953223e-001 
1.562500e-003 9.961876e-001 9.944568e-001 9.953223e-001 9.953222e-001 9.953223e-001 
7.812500e-004 9.957550e-001 9.948896e-001 9.953223e-001 9.953223e-001 9.953223e-001 
3.906250e-004 9.955386e-001 9.951059e-001 9.953223e-001 9.953223e-001 9.953223e-001 
1.953125e-004 9.954304e-001 9.952141e-001 9.953223e-001 9.953223e-001 9.953223e-001 
9.765625e-005 9.953764e-001 9.952682e-001 9.953223e-001 9.953223e-001 9.953223e-001 
4.882813e-005 9.953493e-001 9.952952e-001 9.953223e-001 9.953223e-001 9.953223e-001 
2.441406e-005 9.953358e-001 9.953087e-001 9.953223e-001 9.953223e-001 9.953223e-001 
1.220703e-005 9.953290e-001 9.953155e-001 9.953223e-001 9.953223e-001 9.953223e-001 
1.000000e-001 1.056389e+000 9.435652e-001 9.999783e-001 9.999772e-001 9.999779e-001 
5.000000e-002 1.028184e+000 9.717717e-001 9.999780e-001 9.999777e-001 9.999779e-001 
2.500000e-002 1.014081e+000 9.858749e-001 9.999779e-001 9.999779e-001 9.999779e-001 
1.250000e-002 1.007029e+000 9.929264e-001 9.999779e-001 9.999779e-001 9.999779e-001 
6.250000e-003 1.003504e+000 9.964522e-001 9.999779e-001 9.999779e-001 9.999779e-001 
3.125000e-003 1.001741e+000 9.982150e-001 9.999779e-001 9.999779e-001 9.999779e-001 
1.562500e-003 1.000859e+000 9.990965e-001 9.999779e-001 9.999779e-001 9.999779e-001 
7.812500e-004 1.000419e+000 9.995372e-001 9.999779e-001 9.999779e-001 9.999779e-001 
3.906250e-004 1.000198e+000 9.997576e-001 9.999779e-001 9.999779e-001 9.999779e-001 
1.953125e-004 1.000088e+000 9.998677e-001 9.999779e-001 9.999779e-001 9.999779e-001 
9.765625e-005 1.000033e+000 9.999228e-001 9.999779e-001 9.999779e-001 9.999779e-001 
4.882813e-005 1.000005e+000 9.999504e-001 9.999779e-001 9.999779e-001 9.999779e-001 
2.441406e-005 9.999917e-001 9.999641e-001 9.999779e-001 9.999779e-001 9.999779e-001 
1.220703e-005 9.999848e-001 9.999710e-001 9.999779e-001 9.999779e-001 9.999779e-001 
