-1 -2.77838 -2.47863 -3.60291 -1.30139 -7.03212 -1.30139 -3.60347 -2.77812 -2.47892 
-2 -4.77805 -4.47724 -5.97639 -2.30096 -6.37821 -2.30096 -7.35941 -4.75455 -4.48956 
-3 -6.93399 -6.36267 -4.87885 -3.32167 -4.93455 -3.32167 -7.35942 -4.1392 -3.7182 
-4 -inf -8.17609 -3.99948 -7.35931 -4.60154 -7.35931 -7.35955 -2.98883 -2.65401 
-5 -inf -10.1761 -4.99505 -7.35846 -5.59711 -7.35846 -7.36083 -2.86705 -2.86707 
-6 -inf -12.1761 -5.95264 -7.35002 -6.60081 -7.35002 -7.37388 -1.33418 -1.33418 
-7 -inf -14.1761 -6.61492 -7.27356 -7.23686 -7.27356 -7.53193 0 0.340859 
-8 -inf -16.176 -7.03868 -6.85622 -7.03868 -6.85622 -7.00179 1.55316e-007 1.03544e-007 
-9 -inf -18.1198 -6.28284 -6.00041 -6.28284 -6.00041 -5.85721 1.50138e-006 8.2835e-007 
-10 -inf -inf -5.31691 -5.01786 -5.31691 -5.01786 -4.84508 1.49101e-005 8.49052e-006 
-11 -inf -inf -4.32047 -4.01964 -4.32047 -4.01964 -3.84389 0.000148974 8.51047e-005 
-12 -inf -inf -3.32083 -3.01982 -3.32083 -3.01982 -2.84377 0.00148719 0.000850401 
-13 -inf -inf -2.32087 -2.01984 -2.32087 -2.01984 -1.84376 0.0146476 0.00843004 
-14 -inf -inf -1.32087 -1.01984 -1.32087 -1.01984 -0.843757 0.128084 0.077733 
-15 -inf -inf -0.32087 -0.0198398 -0.32087 -0.0198398 0.156243 0.646429 0.471299 
-16 -inf -inf 0.67913 0.98016 0.67913 0.98016 1.15624 1.54781 1.31388 
-17 -inf -inf 1.67913 1.98016 1.67913 1.98016 2.15624 2.53659 2.29448 
-18 -inf -inf 2.67913 2.98016 2.67913 2.98016 3.15624 3.53545 3.29249 
-19 -inf -inf 3.67913 3.98016 3.67913 3.98016 4.15624 4.53534 4.29229 
-20 -inf -inf 4.67913 4.98016 4.67913 4.98016 5.15624 5.53533 5.29227 
