-1 -2.77837 -2.47864 -3.60278 -1.30139 -16.213 -1.30139 -3.60278 -2.77837 -2.47864 
-2 -4.77815 -4.47714 -6.60207 -2.30103 -16.213 -2.30103 -6.60207 -4.77815 -4.47714 
-3 -6.77815 -6.47712 -9.60212 -3.30103 -16.213 -3.30103 -9.60202 -6.77815 -6.47712 
-4 -8.77815 -8.47712 -16.213 -4.30103 -16.213 -4.30103 -16.213 -8.7787 -8.47656 
-5 -10.7781 -10.4771 -16.213 -5.30103 -16.213 -5.30103 -16.213 -10.995 -10.3992 
-6 -12.7782 -12.4772 -9.95459 -6.30099 -16.213 -6.30099 -16.213 -9.85508 -9.4411 
-7 -14.7643 -14.4981 -16.213 -7.30138 -16.213 -7.30138 -16.213 -8.78606 -8.41375 
-8 -inf -inf -7.95459 -16.213 -16.213 -16.213 -16.213 -8.21628 -8.21628 
-9 -inf -inf -16.213 -16.213 -16.213 -16.213 -16.213 -7.08228 -7.08228 
-10 -inf -inf -16.213 -16.213 -16.213 -16.213 -16.213 -7.08228 -7.08228 
-11 -inf -inf -16.213 -16.213 -16.213 -16.213 -16.213 -7.08228 -7.08228 
-12 -inf -inf -16.213 -16.213 -16.213 -16.213 -16.213 -4.0511 -4.0511 
-13 -inf -inf -16.213 -16.213 -16.213 -16.213 -16.213 -3.0973 -3.0973 
-14 -inf -inf -16.213 -16.213 -16.213 -16.213 -16.213 -1.66948 -1.36042 
-15 -inf -inf -16.213 -16.213 -16.213 -16.213 -16.213 -0.951474 -0.476428 
-16 -inf -inf -16.213 -16.213 -16.213 -16.213 -16.213 0 0 
-17 -inf -inf -16.213 -16.213 -16.213 -16.213 -16.213 0 0 
-18 -inf -inf -16.213 -16.213 -16.213 -16.213 -16.213 0 0 
-19 -inf -inf -16.213 -16.213 -16.213 -16.213 -16.213 0 0 
-20 -inf -inf -16.213 -16.213 -16.213 -16.213 -16.213 0 0 
